ROUTE_PAYMENT_MES_AV=1.3171
ROUTE_PAYMENT_MES_AV_SUCC=5.666666666666666
ROUTE_PAYMENT_HOPS_AV=1.086
ROUTE_PAYMENT_HOPS_AV_SUCC=5.666666666666666
ROUTE_PAYMENT_SUCCESS_DIRECT=9.0E-4
ROUTE_PAYMENT_SUCCESS=9.069837750680237E-4
