ROUTE_PAYMENT_MES_AV=0.9784000000000002
ROUTE_PAYMENT_MES_AV_SUCC=5.333333333333332
ROUTE_PAYMENT_HOPS_AV=0.6419999999999999
ROUTE_PAYMENT_HOPS_AV_SUCC=5.333333333333332
ROUTE_PAYMENT_SUCCESS_DIRECT=6.0E-4
ROUTE_PAYMENT_SUCCESS=6.492803809111568E-4
