ROUTE_PAYMENT_MES_AV=1.0955000000000004
ROUTE_PAYMENT_MES_AV_SUCC=5.875
ROUTE_PAYMENT_HOPS_AV=0.7716000000000001
ROUTE_PAYMENT_HOPS_AV_SUCC=5.875
ROUTE_PAYMENT_SUCCESS_DIRECT=8.0E-4
ROUTE_PAYMENT_SUCCESS=8.331597583836701E-4
