ROUTE_PAYMENT_MES_AV=1.2205	1.2205	1.2205	1.2205	0.0	0.0	0.0	1.2205	1.2205
ROUTE_PAYMENT_MES_AV_SUCC=4.91304347826087	4.91304347826087	4.91304347826087	4.91304347826087	0.0	0.0	0.0	4.91304347826087	4.91304347826087
ROUTE_PAYMENT_HOPS_AV=0.9458	0.9458	0.9458	0.9458	0.0	0.0	0.0	0.9458	0.9458
ROUTE_PAYMENT_HOPS_AV_SUCC=4.521739130434782	4.521739130434782	4.521739130434782	4.521739130434782	0.0	0.0	0.0	4.521739130434782	4.521739130434782
ROUTE_PAYMENT_SUCCESS_DIRECT=0.0023	0.0023	0.0023	0.0023	0.0	0.0	0.0	0.0023	0.0023
ROUTE_PAYMENT_SUCCESS=0.0023300577449093304	0.0023300577449093304	0.0023300577449093304	0.0023300577449093304	0.0	0.0	0.0	0.0023300577449093304	0.0023300577449093304
