ROUTE_PAYMENT_MES_AV=1.028	1.028	1.028	1.028	0.0	0.0	0.0	1.028	1.028
ROUTE_PAYMENT_MES_AV_SUCC=4.5	4.5	4.5	4.5	0.0	0.0	0.0	4.5	4.5
ROUTE_PAYMENT_HOPS_AV=0.7	0.7	0.7	0.7	0.0	0.0	0.0	0.7	0.7
ROUTE_PAYMENT_HOPS_AV_SUCC=4.5	4.5	4.5	4.5	0.0	0.0	0.0	4.5	4.5
ROUTE_PAYMENT_SUCCESS_DIRECT=0.001	0.001	0.001	0.001	0.0	0.0	0.0	0.001	0.001
ROUTE_PAYMENT_SUCCESS=0.0010620220900594733	0.0010620220900594733	0.0010620220900594733	0.0010620220900594733	0.0	0.0	0.0	0.0010620220900594733	0.0010620220900594733
