ROUTE_PAYMENT_MES_AV=1.5066	1.5066	1.5066	1.5066	0.0	0.0	0.0	1.5066	1.5066
ROUTE_PAYMENT_MES_AV_SUCC=4.875	4.875	4.875	4.875	0.0	0.0	0.0	4.875	4.875
ROUTE_PAYMENT_HOPS_AV=1.3250000000000002	1.3250000000000002	1.3250000000000002	1.3250000000000002	0.0	0.0	0.0	1.3250000000000002	1.3250000000000002
ROUTE_PAYMENT_HOPS_AV_SUCC=4.875	4.875	4.875	4.875	0.0	0.0	0.0	4.875	4.875
ROUTE_PAYMENT_SUCCESS_DIRECT=0.0016	0.0016	0.0016	0.0016	0.0	0.0	0.0	0.0016	0.0016
ROUTE_PAYMENT_SUCCESS=0.0016036884835120778	0.0016036884835120778	0.0016036884835120778	0.0016036884835120778	0.0	0.0	0.0	0.0016036884835120778	0.0016036884835120778
