ROUTE_PAYMENT_MES_AV=1.5066
ROUTE_PAYMENT_MES_AV_SUCC=4.875
ROUTE_PAYMENT_HOPS_AV=1.3250000000000002
ROUTE_PAYMENT_HOPS_AV_SUCC=4.875
ROUTE_PAYMENT_SUCCESS_DIRECT=0.0016
ROUTE_PAYMENT_SUCCESS=0.0016036884835120778
