ROUTE_PAYMENT_MES_AV=1.6983
ROUTE_PAYMENT_MES_AV_SUCC=4.409090909090908
ROUTE_PAYMENT_HOPS_AV=1.6072000000000002
ROUTE_PAYMENT_HOPS_AV_SUCC=4.363636363636363
ROUTE_PAYMENT_SUCCESS_DIRECT=0.0022
ROUTE_PAYMENT_SUCCESS=0.0022024226649314245
