ROUTE_PAYMENT_MES_AV=1.1853
ROUTE_PAYMENT_MES_AV_SUCC=3.4285714285714284
ROUTE_PAYMENT_HOPS_AV=0.8530000000000002
ROUTE_PAYMENT_HOPS_AV_SUCC=3.4285714285714284
ROUTE_PAYMENT_SUCCESS_DIRECT=7.0E-4
ROUTE_PAYMENT_SUCCESS=7.166990887683014E-4
